iso_alpha_3,year,frac_trns_mtkm_dem_freight_water_borne,frac_trns_mtkm_dem_freight_road_heavy_freight,frac_trns_mtkm_dem_freight_rail_freight,frac_trns_mtkm_dem_freight_aviation
ABW,2011,0.10726823188297714,0.7222727614363859,0.16447795554111225,0.005981051139524772
ABW,2012,0.10726804877738201,0.7222715284817102,0.16447767475366462,0.005982747987243272
ABW,2013,0.23773631935839595,0.38770903229287124,0.3645290230413589,0.010025625307373932
ABW,2014,0.23773460177624683,0.3877011509592931,0.3645263895160016,0.010037857748458579
ABW,2015,0.23772758236993485,0.38770635974207984,0.36451562628799095,0.010050431599994431
ABW,2016,0.23772987782993782,0.38770328354170885,0.36451914619454034,0.010047692433813009
ABW,2017,0.23773218798560394,0.3877001751193995,0.364522688332622,0.010044948562374565
ABW,2018,0.23773453380925713,0.3876969880829604,0.36452628528737385,0.010042192820408562
ABW,2019,0.23773294371733195,0.38770352717470574,0.36452384705839375,0.010039682049568665
ABW,2020,0.23773358333264996,0.387704570282619,0.36452482780188145,0.010037018582849637
AFG,2011,0.10775232842324332,0.7255323447083069,0.16522023686371795,0.0014950900047318197
AFG,2012,0.10774232315641333,0.7254649758744816,0.16520489546113226,0.0015878055079727841
AFG,2013,0.10778970576565182,0.7257840188772602,0.16527754879813134,0.00114872655895657
AFG,2014,0.10786355885696065,0.7262812963197885,0.16539079021483272,0.00046435460841825083
AFG,2015,0.10786544148192911,0.7262939725567832,0.1653936769803609,0.0004469089809267083
AFG,2016,0.10787109492770888,0.7263320391898791,0.16540234560387024,0.0003945202785417814
AFG,2017,0.10788194635884096,0.7264051056088711,0.165418984438804,0.0002939635934839024
AFG,2018,0.10786967235991263,0.7263224605024938,0.1654001643247384,0.000407702812855261
AFG,2019,0.10788365268299697,0.7264165948035213,0.1654216008463779,0.0002781516671039249
AFG,2020,0.1078836152100228,0.7264163423553125,0.16542154336966822,0.0002784990649964488
AGO,2011,0.2373004036652704,0.39806623540193214,0.36386061884224247,0.0007727420905550319
AGO,2012,0.22114155178604464,0.4389159252733769,0.33908371277893457,0.0008588101616438951
AGO,2013,0.21082335974396182,0.465204139348428,0.323262484846652,0.0007100160609580714
AGO,2014,0.20376120982146156,0.4832383570369018,0.3124338550422788,0.0005665780993578187
AGO,2015,0.19870050300370937,0.49627650259272765,0.30467410458042943,0.0003488898231336735
AGO,2016,0.20951980612307447,0.46886811120735256,0.32126370272204746,0.0003483799475254696
AGO,2017,0.2216030366898117,0.4380456633408417,0.3397913229132871,0.0005599770560592548
AGO,2018,0.23525977096315842,0.40332418919368446,0.3607316488568766,0.0006843909862805157
AGO,2019,0.2508662722595442,0.36384239321131984,0.38466161748314376,0.0006297170459922934
AGO,2020,0.26887688595929754,0.3185612226662324,0.4122778918108076,0.0002839995636625459
ALB,2011,0.12306037972380508,0.8150821519103735,0.005320379581660401,0.05653708878416105
ALB,2012,0.12175519527637978,0.8085774513890123,0.003123850453519596,0.06654350288108835
ALB,2013,0.12236661853312467,0.8131122748550528,0.0026651820324449503,0.061855924579377636
ALB,2014,0.12240085245411718,0.8114144843595383,0.004591198629541229,0.06159346455680329
ALB,2015,0.12236343851820611,0.8130890723760572,0.0026671843735359855,0.06188030473220078
ALB,2016,0.12233666063519803,0.8145608845243412,0.0010168530051285918,0.06208560183533233
ALB,2017,0.12234318182780503,0.8127044225839981,0.002916789562939391,0.06203560602525755
ALB,2018,0.12232489077017673,0.8131461158004931,0.0023531559622348842,0.06217583746709519
ALB,2019,0.12233403758304566,0.8106156026645097,0.004944647850797541,0.062105711901647064
ALB,2020,0.12229882769669702,0.812324932223025,0.003000585716543722,0.06237565436373426
ARE,2011,0.1289065046246177,0.6392721745451517,0.19765664043314474,0.034164680397085874
ARE,2012,0.12823274044645977,0.6383863199682783,0.1966235353512383,0.036757404234023475
ARE,2013,0.12747234239256314,0.6379289636186475,0.1954575916778617,0.03914110231092773
ARE,2014,0.12703524222600657,0.6388251664558124,0.19478737140983088,0.03935221990835002
ARE,2015,0.12696591629160506,0.6408852116069126,0.19468107164399814,0.03746780045748419
ARE,2016,0.12693285172129004,0.6409282356806886,0.1946303726486078,0.03750853994941362
ARE,2017,0.12681041505174753,0.640349490486965,0.19444263642192292,0.0383974580393647
ARE,2018,0.12701866983041316,0.6413362987475326,0.1947619604020124,0.03688307102004185
ARE,2019,0.12738686740056757,0.6431552700877813,0.19532653000803946,0.03413133250361164
ARE,2020,0.1281662604871693,0.6471698374279187,0.19652159943523953,0.02814230264967264
ARG,2011,0.16069959330230948,0.8221871732467182,0.016847766816255962,0.00026546663471639485
ARG,2012,0.15959769816224575,0.8261507413558682,0.014013061094996766,0.0002384993868893302
ARG,2013,0.15852691088378149,0.8287550352527593,0.012376808060258723,0.00034124580320059436
ARG,2014,0.15755604235650356,0.8312736872489845,0.010851060407873009,0.0003192099866388874
ARG,2015,0.15664551545189026,0.8333563688314362,0.009711976786643607,0.0002861389300300381
ARG,2016,0.15848112350747393,0.8309658465879409,0.01024762985287126,0.00030540005171398807
ARG,2017,0.16040788875831255,0.828902920616555,0.010313556540424653,0.00037563408470772853
ARG,2018,0.1461722210369664,0.6293974763656864,0.22413073895538177,0.000299563641965469
ARG,2019,0.14746488315430314,0.6261466336131423,0.2261128209152792,0.00027566231727538433
ARG,2020,0.14883847426928742,0.6228608190792032,0.22821899391314918,8.171273836034087e-05
ARM,2011,0.13032606768293128,0.7172207317595021,0.15161971946003983,0.0008334810975268389
ARM,2012,0.13037169986597472,0.7299080757463109,0.139236590026854,0.00048363436086028933
ARM,2013,0.13041385956394858,0.7329162661103088,0.13650946431601504,0.00016041000972756496
ARM,2014,0.13039789806190638,0.7450178858403261,0.124301434572383,0.0002827815253844276
ARM,2015,0.13039308230722854,0.7548602680668023,0.11442694731472132,0.00031970231124786076
ARM,2016,0.13039591903259284,0.7596639126823728,0.10964221420157957,0.0002979540834547324
ARM,2017,0.13039902945882825,0.7635544180737359,0.10577244498511902,0.0002741074823168333
ARM,2018,0.33214310852947,0.1585077007433029,0.5092860998416284,6.309088559876703e-05
ARM,2019,0.3323304436680341,0.1580847201208383,0.5095733469553063,1.148925582136122e-05
ARM,2020,0.33250151079433493,0.15765873618410067,0.5098356497934016,4.103228162772894e-06
AUS,2011,0.11078816758768402,0.6309338942575322,0.25549584737398096,0.002782090780802687
AUS,2012,0.09448476498217179,0.6353519235297534,0.2676471154437121,0.002516196044362512
AUS,2013,0.0911337997553808,0.6288356168430321,0.2782991147208217,0.001731468680765398
AUS,2014,0.08445221989204081,0.6193947216335356,0.29461008362399344,0.0015429748504300596
AUS,2015,0.07972703495863225,0.6145986538268103,0.3042296356478924,0.001444675566664937
AUS,2016,0.08195281470656965,0.6096593885305029,0.3070003350520895,0.0013874617108379686
AUS,2017,0.07760692855467528,0.610546926350525,0.3104192439402106,0.001426901154589147
AUS,2018,0.13283640223125978,0.5743873502707143,0.29143710288262953,0.00133914461539639
AUS,2019,0.13284934269731363,0.5768082441144096,0.2890822395228317,0.001260173665445041
AUS,2020,0.1329122681778851,0.5772053627196335,0.28910658183136134,0.0007757872711198497
AUT,2011,0.1431808750999786,0.6464328725898106,0.20649516082335842,0.0038910914868523832
AUT,2012,0.1438030030386226,0.6465340499948373,0.20625580708827154,0.003407139878268661
AUT,2013,0.1437478884627796,0.6466306793105984,0.2061815703185056,0.0034398619081164334
AUT,2014,0.14298615020108807,0.6453766297679735,0.20792930117353672,0.0037079188574017053
AUT,2015,0.14285262431010465,0.6476145668797791,0.2060542304758048,0.003478578334311416
AUT,2016,0.1424638870868656,0.6496791316979551,0.20415128324163728,0.0037056979735419315
AUT,2017,0.14218676532158317,0.6469267950811134,0.20724303698254395,0.003643402614759436
AUT,2018,0.14228497277374663,0.6482924911341942,0.20592577757286423,0.0034967585191950793
AUT,2019,0.1423270111207519,0.6517953687185005,0.20289030381029569,0.0029873163504518722
AUT,2020,0.14318440037553995,0.656184690287693,0.19990376673706348,0.0007271425997035167
AZE,2011,0.04414586648602284,0.8889918554289848,0.0667806252570091,8.165282798314302e-05
AZE,2012,0.043183556519281574,0.8866491844126336,0.07005597908659429,0.00011127998149041182
AZE,2013,0.03922687102723767,0.8932276954825725,0.06739366140646748,0.00015177208372231057
AZE,2014,0.03425449784429713,0.9013218898347831,0.06122451590938752,0.0031990964115322378
AZE,2015,0.024778340263565554,0.9170348149910743,0.05239138339691594,0.005795461348444234
AZE,2016,0.025875520527980454,0.9230561853582718,0.0447520661496584,0.006316227964089363
AZE,2017,0.037512929935547765,0.9226253322973323,0.03933847994372857,0.000523257823391376
AZE,2018,0.03831347415744363,0.9237072178547997,0.03761016737658146,0.00036914061117523364
AZE,2019,0.02848905045802771,0.9139340097204713,0.043800533560059314,0.013776406261441651
AZE,2020,0.03527912931434802,0.8910252602609249,0.051982978962426714,0.021712631462300375
BDI,2011,0.10722215204671048,0.7219624904989244,0.16440729976773275,0.006408057686632617
BDI,2012,0.10722366260895089,0.7219726614283135,0.16440961601771917,0.006394059945016524
BDI,2013,0.10722526794879832,0.7219834708404992,0.16441207748593464,0.0063791837247678
BDI,2014,0.10722697530891785,0.7219949671104324,0.16441469547801482,0.006363362102635052
BDI,2015,0.10722880290536493,0.7220072728596165,0.16441749773085748,0.006346426504161086
BDI,2016,0.10723092794531251,0.7220215814269865,0.16442075619501145,0.006326734432689621
BDI,2017,0.10723318895666298,0.7220368056231846,0.16442422303805346,0.0063057823820990505
BDI,2018,0.10723558652479932,0.7220529492284361,0.16442789928371065,0.006283564963054165
BDI,2019,0.1072381172641141,0.7220699895880329,0.16443177985154123,0.0062601132963118035
BDI,2020,0.10724078005470422,0.7220879191063947,0.1644358628060691,0.006235438032832125
BEL,2011,0.12889425538751612,0.7955646138134805,0.06373042210329366,0.011810708695709717
BEL,2012,0.13453306452712738,0.6569711818590255,0.20628403230076087,0.0022117213130863986
BEL,2013,0.1342436942546425,0.6574605602150412,0.20584033113381786,0.0024554143964984673
BEL,2014,0.1340905165772796,0.6578462924917565,0.20560545871898311,0.002457732211980838
BEL,2015,0.11746207819161424,0.7000840023495188,0.18010851985260487,0.002345399606261939
BEL,2016,0.11740351656008008,0.700206811060184,0.18001872537847316,0.00237094700126276
BEL,2017,0.10849328713603462,0.722603308595882,0.16635637352014665,0.00254703074793677
BEL,2018,0.10861826113858844,0.7227623544379558,0.16654800036523043,0.0020713840582253598
BEL,2019,0.10865152529233077,0.7225949806888737,0.16659900551722184,0.002154488501573777
BEL,2020,0.10873011636480814,0.7225499783764014,0.1667195117509391,0.0020003935078514116
BEN,2011,0.10791300711429185,0.7266142478927173,0.16546661085952644,6.1341334644687376e-06
BEN,2012,0.10791300566855752,0.7266142382220855,0.16546660872332503,6.14738603197676e-06
BEN,2013,0.10791176506817711,0.7266058847626404,0.16546470635791274,1.764381126958048e-05
BEN,2014,0.10791283324468512,0.7266130772927458,0.1654663443644502,7.74509811880231e-06
BEN,2015,0.10791245030102367,0.7266104986000683,0.16546575717498188,1.129392392604438e-05
BEN,2016,0.10791365928150007,0.7266186392604773,0.16546761091235393,9.054566876878093e-08
BEN,2017,0.10791277860760268,0.7266127092094836,0.16546626048375981,8.251699153903362e-06
BEN,2018,0.10791277622186314,0.7266126931321018,0.16546625685186478,8.273794170152516e-06
BEN,2019,0.10791277357153455,0.7266126754742231,0.16546625276624116,8.298188001312434e-06
BEN,2020,0.10791277070196109,0.7266126560049163,0.1654662483774586,8.324915664034218e-06
BFA,2011,0.10791354453153222,0.7266178665239721,0.1654674349922808,1.1539522146364127e-06
BFA,2012,0.10791356577258576,0.726618009500413,0.16546746752065697,9.572063443473609e-07
BFA,2013,0.10791357858756138,0.7266180958390869,0.16546748713524698,8.384381045465674e-07
BFA,2014,0.10791359493471714,0.726618205923463,0.1654675122413332,6.869004866940206e-07
BFA,2015,0.10791358749467841,0.7266181558462023,0.16546750086305215,7.557960671945518e-07
BFA,2016,0.10791363681993767,0.7266184879697497,0.16546757649522134,2.9871509130467304e-07
BFA,2017,0.10791363660182952,0.7266184864205656,0.16546757611826912,3.008593357677458e-07
BFA,2018,0.10791351488236584,0.7266176668582078,0.1654673895190717,1.4287403545672972e-06
BFA,2019,0.10791359792065415,0.7266182259487928,0.16546751684366504,6.592868881035007e-07
BFA,2020,0.10791358274277703,0.7266181238252397,0.16546749349117587,7.999408074754917e-07
BGD,2011,0.25905359390679594,0.3431643419315163,0.39721551076825057,0.0005665533934371785
BGD,2012,0.25672067981502705,0.34913141789504953,0.39363837559149006,0.0005095266984332762
BGD,2013,0.2545891938690844,0.3543288183436033,0.3903700971436912,0.0007118906436210622
BGD,2014,0.252761622794645,0.3590482519872132,0.3875678216364293,0.000622303581712506
BGD,2015,0.2512201984636049,0.363413225572401,0.38520430437158387,0.0001622715924102836
BGD,2016,0.24866660064941098,0.369899614815864,0.38128878773227043,0.0001449968024547121
BGD,2017,0.24638828685308492,0.37565936907316694,0.3777953732645489,0.00015697080919931976
BGD,2018,0.24436160941771481,0.38082850136644003,0.37468780097852167,0.00012208823732342492
BGD,2019,0.24246780952702376,0.38536140443732925,0.3717839744246286,0.0003868116110184627
BGD,2020,0.24084693269626686,0.3895969190350687,0.3692986300030956,0.0002575182655688058
BGR,2011,0.13042966165154252,0.8133204513312187,0.05621062634573146,3.926067150739145e-05
BGR,2012,0.13043090429255955,0.8248324937652529,0.044706868185144175,2.973375704338375e-05
BGR,2013,0.13043165611777816,0.824595874422865,0.04494849969565601,2.3969763700918223e-05
BGR,2014,0.13043174403505495,0.8230211392391809,0.04652382099451884,2.3295731245292657e-05
BGR,2015,0.13043242791818807,0.8265095185594494,0.04304000089513768,1.8052627224770148e-05
BGR,2016,0.13043226283856416,0.8320529172023979,0.03749550172136313,1.9318237674777446e-05
BGR,2017,0.13043234982267932,0.8268961773260601,0.04265282149180205,1.8651359458546948e-05
BGR,2018,0.1304323150188064,0.8173758407845201,0.05217292600752256,1.8918189150934472e-05
BGR,2019,0.13043197353451957,0.8027002087335791,0.06684628149655145,2.1536235349898802e-05
BGR,2020,0.13043324544698945,0.817776306978079,0.05177866266851741,1.1784906414021056e-05
BHR,2011,0.1817069525264488,0.5317824444689029,0.2786173272677088,0.007893275736939485
BHR,2012,0.175734606335649,0.5488518824820805,0.269459729768669,0.005953781413601579
BHR,2013,0.17038846234003818,0.5639777348559394,0.2612623090749997,0.004371493729022742
BHR,2014,0.1656284223796807,0.5764158360502235,0.2539635809306723,0.0039921606394234255
BHR,2015,0.1616514295703091,0.5869756579814411,0.247865525399571,0.0035073870486786673
BHR,2016,0.1602099634821399,0.588578469419473,0.2456552773679728,0.005556289730414221
BHR,2017,0.15933433449793724,0.5908239827007422,0.24431264618296095,0.0055290366183595695
BHR,2018,0.15851426193239687,0.5925370643103491,0.24305520159234378,0.005893472164910228
BHR,2019,0.157977283486892,0.5954791261092229,0.24223183467990106,0.004311755723984007
BHR,2020,0.15733357302541545,0.5987935251797212,0.24124481209095588,0.0026280897039074394
BIH,2011,0.1304347604028147,0.7077929128096208,0.16177215654247729,1.7024508731167268e-07
BIH,2012,0.13043476979373458,0.7250564756356922,0.14450865632253831,9.824803493225608e-08
BIH,2013,0.13043477508903528,0.7338457419834307,0.13571942527680467,5.7650729321120574e-08
BIH,2014,0.130434777395087,0.7409330189567694,0.12863216367714378,3.9970999832653965e-08
BIH,2015,0.130434781556929,0.7503730487350936,0.1191921616444331,8.063544372523857e-09
BIH,2016,0.13043477628291766,0.7732840592508053,0.09628111596864584,4.8497631200154415e-08
BIH,2017,0.1304347765788557,0.7787447111432133,0.09082046604915793,4.6228772974001025e-08
BIH,2018,0.13043477666769454,0.7755061289146283,0.09405904887000203,4.554767525714571e-08
BIH,2019,0.13043477683488378,0.7714505237579409,0.09811465514128424,4.426589117832995e-08
BIH,2020,0.13043477589357896,0.7764869738250934,0.09307819879876637,5.1482561414709436e-08
BLR,2011,0.13043391750878258,0.6580152484208484,0.21154420163770218,6.632432666817809e-06
BLR,2012,0.13043379735231633,0.6614528527131452,0.2081057963022969,7.553632241536494e-06
BLR,2013,0.13043382150491215,0.679186142390052,0.19037266764269548,7.3684623403930115e-06
BLR,2014,0.13043376422224423,0.6767369824064109,0.1928214457418839,7.80762946098472e-06
BLR,2015,0.1304337106272709,0.6840613847443823,0.18549668610409054,8.218524256223895e-06
BLR,2016,0.13043403496548703,0.6834445154441273,0.18611571765911947,5.731931266121226e-06
BLR,2017,0.13043374227209856,0.6674096162520025,0.20214866556198796,7.975913911116304e-06
BLR,2018,0.1304338002703014,0.6612085753318966,0.2083500931367796,7.531261022504203e-06
BLR,2019,0.13043320636586136,0.6675592545704229,0.2019954545353196,1.2084528396108459e-05
BLR,2020,0.13043368339745495,0.6796945700616811,0.1898633192546853,8.427286178734536e-06
BLZ,2011,0.10791356556292334,0.7266180081705215,0.16546746716667665,9.590998786454927e-07
BLZ,2012,0.10791358522155378,0.726618140469659,0.16546749738398878,7.769247984800225e-07
BLZ,2013,0.10791202088203304,0.7266076072374567,0.16546509869174242,1.52731887679891e-05
BLZ,2014,0.10790953062763432,0.7265908395040899,0.16546128034251062,3.8349525765119336e-05
BLZ,2015,0.10791027640748839,0.7265958611905498,0.1654624237950371,3.143860692474824e-05
BLZ,2016,0.10790996501146716,0.7265937643220444,0.1654619464002727,3.43242662158511e-05
BLZ,2017,0.10790850803454835,0.7265839541120591,0.16545971235794146,4.7825495450888456e-05
BLZ,2018,0.10791106362510068,0.7266011617763971,0.16546363095141284,2.4143647089286135e-05
BLZ,2019,0.10791106312648552,0.7266011583739332,0.1654636300855553,2.4148414025967126e-05
BLZ,2020,0.10791106258385823,0.7266011548488397,0.16546362931568886,2.4153251613343832e-05
BOL,2011,0.10788919536547115,0.726453915472127,0.16543009960293598,0.00022678955946590004
BOL,2012,0.10789645076673561,0.7265027684449976,0.16544122454618018,0.0001595562420866742
BOL,2013,0.10790252706105517,0.7265436821241293,0.16545054147381164,0.00010324934100390578
BOL,2014,0.1079014826078297,0.7265366495979692,0.1654489399858113,0.00011292780838967594
BOL,2015,0.10789994064729032,0.7265262670267955,0.16544657565576376,0.00012721667015047023
BOL,2016,0.10790124311359607,0.7265350370517957,0.16544857272816654,0.00011514710644180502
BOL,2017,0.10790060962396089,0.7265307714475905,0.16544760146423262,0.00012101746421602797
BOL,2018,0.10789480319389251,0.7264916749093397,0.16543869828072372,0.00017482361604416463
BOL,2019,0.10788214838678492,0.72640646572131,0.16541929423204896,0.00029209165985609865
BOL,2020,0.10788908113471425,0.7264531462233251,0.16542992438372073,0.00022784825823990963
BRA,2011,0.15815373426559493,0.598987858511133,0.24250239254424585,0.00035601467902623843
BRA,2012,0.1563749943235866,0.6034939862078554,0.2397749912839803,0.0003560281845776261
BRA,2013,0.15475256791649572,0.6075532007356793,0.23728727082683385,0.00040696052099120785
BRA,2014,0.1532866300497904,0.6112952213857132,0.23503949941442126,0.00037864915007518383
BRA,2015,0.15194661661864597,0.6147298580204144,0.23298481214405603,0.0003387132168836898
BRA,2016,0.15272186224766604,0.6127589153212969,0.2341735220628485,0.00034570036818857777
BRA,2017,0.1534957962149924,0.6107445670432723,0.23536022079705343,0.000399415944682031
BRA,2018,0.15427451516333165,0.6087436449274911,0.23655425649574016,0.000427583413437102
BRA,2019,0.15506564389231978,0.6068120412523205,0.23776732064266945,0.0003549942126901721
BRA,2020,0.1558485204781868,0.6048993685423413,0.2389677314453355,0.0002843795341363072
BRB,2011,0.10719377666221751,0.7217714295645431,0.16436379086632297,0.00667100290691637
BRB,2012,0.10719367231739554,0.7217707269205712,0.16436363091979048,0.006671969842242751
BRB,2013,0.10719356881509709,0.7217700299190756,0.16436347214013217,0.006672929125695329
BRB,2014,0.1071934665334479,0.7217693413929935,0.16436331533971502,0.006673876733843515
BRB,2015,0.10719336578841746,0.7217686629101003,0.16436316082024,0.00667481048124228
BRB,2016,0.10719337823027776,0.7217687468067021,0.164363179964656,0.006674694998364032
BRB,2017,0.10719339195410887,0.7217688391865782,0.1643632010004305,0.006674567858882349
BRB,2018,0.107193407116775,0.7217689411348142,0.164363224296116,0.006674427452294769
BRB,2019,0.10719342368831254,0.7217690528718179,0.16436324964301913,0.006674273796850414
BRB,2020,0.1071934416393414,0.7217691736247457,0.16436327715470755,0.00667410758120545
BRN,2011,0.1350618257054409,0.6530903703808815,0.2070947994277197,0.004753004485958077
BRN,2012,0.13496537829489091,0.6540072394890947,0.20694691339610627,0.004080468819908252
BRN,2013,0.13477522917725543,0.654506186226085,0.20665535143696978,0.00406323315968988
BRN,2014,0.1346357153659786,0.6552441753972376,0.20644143020232933,0.003678679034454549
BRN,2015,0.1344517249685562,0.6557153597085588,0.2061593116312143,0.0036736036916708787
BRN,2016,0.13437701857597553,0.6556145199781321,0.20604476181649584,0.003963699629396563
BRN,2017,0.1343117692835359,0.6555140168534388,0.20594471292055794,0.004229500942467559
BRN,2018,0.13430343412431478,0.6556383240898028,0.20593193230268278,0.004126309483199593
BRN,2019,0.1343153108136725,0.6558270633191741,0.20595014324124936,0.0039074826259042445
BRN,2020,0.13465611984534503,0.6575841194023264,0.20647271708979684,0.001287043662531812
BTN,2011,0.10791300509683298,0.7266142342830587,0.16546660775917477,6.152860933584356e-06
BTN,2012,0.10791302321255189,0.7266143562165254,0.16546663562815883,5.984942764135109e-06
BTN,2013,0.107912798839377,0.7266128454490802,0.16546629156555878,8.064145984111976e-06
BTN,2014,0.1079124061950832,0.7266102017778076,0.16546568949743684,1.1702529672502276e-05
BTN,2015,0.1079129335615443,0.726613752729647,0.16546649815388043,6.815554928289562e-06
BTN,2016,0.10791276883017988,0.7266126434599196,0.1654662455328588,8.342177041612975e-06
BTN,2017,0.10791294483111492,0.7266138285986415,0.1654665153959061,6.711174337196663e-06
BTN,2018,0.10791272691587597,0.726612361203238,0.16546618133166358,8.7305492223573e-06
BTN,2019,0.10791323463270912,0.7266157798880185,0.16546695977772952,4.025701543005736e-06
BTN,2020,0.10791297466980586,0.7266140293752353,0.1654665611073836,6.4348475752223005e-06
BWA,2011,0.1802260042055002,0.5434251326936458,0.2763465398176082,2.3232832458036017e-06
BWA,2012,0.18026031980002963,0.5433380466787645,0.2763991570368815,2.476484324367911e-06
BWA,2013,0.1802944930118539,0.5432512718392426,0.27645155596413284,2.67918477063529e-06
BWA,2014,0.1803280310445479,0.5431669620479954,0.2765029808409442,2.026066512510909e-06
BWA,2015,0.1803600745653422,0.543083981985521,0.276552114358432,3.829090704792004e-06
BWA,2016,0.1803687905576142,0.5430619084097498,0.2765654788587378,3.822173898245058e-06
BWA,2017,0.1803770560292004,0.5430420801507194,0.2765781526550515,2.7111650288589466e-06
BWA,2018,0.18038480255159073,0.5430230553109986,0.27659003066088395,2.1114765267510813e-06
BWA,2019,0.18384445374771688,0.5342477382461763,0.2818948290875181,1.2978918588682311e-05
BWA,2020,0.18217895092788586,0.5384761239907784,0.2793410581020018,3.866979333803974e-06
CAF,2011,0.1072420700959476,0.7220966054364995,0.16443784076658752,0.006223483700965518
CAF,2012,0.10724249662173654,0.722099477215623,0.16443849476121974,0.006219531401420726
CAF,2013,0.10724287987612115,0.7221020579216001,0.16443908243219355,0.006215979770085231
CAF,2014,0.10724334871854393,0.7221052145801836,0.16443980135062275,0.006211635350649695
CAF,2015,0.10724400409464965,0.7221096275893482,0.1644408063078598,0.006205562008142456
CAF,2016,0.10724488008622614,0.7221155258729235,0.16444214941385224,0.006197444626998109
CAF,2017,0.10724596523753317,0.7221228326903716,0.16444381331605087,0.006187388756044442
CAF,2018,0.10724724501351243,0.7221314497764008,0.16444577571685057,0.00617552949323615
CAF,2019,0.10724868119301019,0.7221411199846625,0.16444797779173678,0.006162221030590379
CAF,2020,0.10725024535239151,0.7221516521271604,0.16445037616582367,0.006147726354624412
CAN,2011,0.02343427511034084,0.7182577629959246,0.25684585807402527,0.0014621038197093071
CAN,2012,0.13319841011678457,0.6396432084445076,0.22595589120187268,0.0012024902368351369
CAN,2013,0.1330757624652508,0.639410205102293,0.22637338895369766,0.0011406434787585708
CAN,2014,0.13292986423982936,0.6357303763405132,0.23018108630247328,0.00115867311718413
CAN,2015,0.13287337013303233,0.6416811719678157,0.22431848495876283,0.0011269729403891292
CAN,2016,0.13397818531979608,0.5494948811688263,0.3147452334574593,0.0017817000539183385
CAN,2017,0.133820547795111,0.539930379013544,0.3240578111109242,0.002191262080420932
CAN,2018,0.1338728034012452,0.5189316574727559,0.3452721340528545,0.0019234050731443777
CAN,2019,0.13405219895039586,0.4928091904618919,0.37055595314680506,0.002582657440907172
CAN,2020,0.13413629938494337,0.495383597478777,0.3685658847000302,0.0019142184362492425
CHE,2011,0.15089856352937817,0.664952420974326,0.1647829343992745,0.019366081097021363
CHE,2012,0.1513028461419714,0.6665987013799878,0.16201052277354297,0.020087929704497933
CHE,2013,0.1504899018027657,0.6612765011273825,0.16772423630445527,0.020509360765396566
CHE,2014,0.14982528380703705,0.659082082855096,0.17023165142675212,0.02086098191111507
CHE,2015,0.15019246374624637,0.6562779475287664,0.1738229113709167,0.019706677354070563
CHE,2016,0.1502198152261292,0.6528859427146484,0.1753064725721469,0.021587769487075543
CHE,2017,0.1504549131259471,0.6608113500629298,0.1661822335717242,0.022551503239399067
CHE,2018,0.14963416873528887,0.6598751515551364,0.16473279857246095,0.025757881137113824
CHE,2019,0.15047024516764823,0.6592667904152651,0.16680333251468016,0.023459631902406457
CHE,2020,0.1528206802676943,0.6704768071850952,0.16419126573491666,0.01251124681229403
CHL,2011,0.13633035357574824,0.8382598438065483,0.018887450179734117,0.006522352437969313
CHL,2012,0.1358031909482363,0.8404905340261856,0.01726114020783582,0.00644513481774224
CHL,2013,0.13541937695573916,0.8430838484300082,0.015579178936659215,0.005917595677593482
CHL,2014,0.13505736836399965,0.8443264129362988,0.014955173769142118,0.005661044930559244
CHL,2015,0.13483947021554035,0.8464494538315175,0.01395561395499031,0.004755461997951853
CHL,2016,0.1347365856386168,0.8467641944198254,0.013667451401839083,0.004831768539718671
CHL,2017,0.03675333187559069,0.9448858695569305,0.013813156397471228,0.0045476421700076
CHL,2018,0.04868035934359999,0.9333469281046045,0.013601381699014708,0.004371330852780778
CHL,2019,0.04389568474241897,0.9408905872805143,0.01086575106984101,0.004347976907225602
CHL,2020,0.03151758400424565,0.9508384396225033,0.012542340684026569,0.005101635689224482
CHN,2011,0.20551054857354037,0.6710980170975716,0.12269335765480174,0.000698076674086423
CHN,2012,0.20346028181049364,0.6847654018307028,0.11118126182558678,0.0005930545332168742
CHN,2013,0.19257395806233035,0.6914410567336443,0.11535023909484898,0.0006347461091763155
CHN,2014,0.2102542694507764,0.6855924307134752,0.10348336620780844,0.0006699336279399817
CHN,2015,0.20855543627544482,0.6993397971862523,0.09134317427387342,0.0007615922644295372
CHN,2016,0.21391002993087554,0.6976700949165041,0.08763515462977822,0.0007847205228421671
CHN,2017,0.18922977645129635,0.7173458843105889,0.09262310432494267,0.0008012349131720952
CHN,2018,0.170393935105706,0.7342036990958136,0.09457360532442761,0.0008287604740527415
CHN,2019,0.186888550566375,0.7078673135841597,0.10436601907958498,0.0008781167698803911
CHN,2020,0.13505651211417133,0.6573586697896631,0.20708665191873987,0.0004981661774256607
CMR,2011,0.10791362120765036,0.7266183827866525,0.1654675525414504,4.4346424673483494e-07
CMR,2012,0.10791362098990898,0.7266183813921077,0.16546755222721604,4.453907673082517e-07
CMR,2013,0.10791362077050987,0.7266183798416807,0.16546755187428677,4.475135227412365e-07
CMR,2014,0.10791360485342484,0.7266182727029271,0.16546752739551832,5.950481296347994e-07
CMR,2015,0.10791361035431633,0.7266183097164116,0.16546753581562804,5.441136438840076e-07
CMR,2016,0.10791361508565418,0.7266183416084272,0.16546754312889878,5.001770198054056e-07
CMR,2017,0.10791361921349847,0.7266183694219136,0.1654675494712026,4.61893385342446e-07
CMR,2018,0.10791359381597967,0.7266181984305,0.16546751048305045,6.972704698430954e-07
CMR,2019,0.10791363602371157,0.7266184822424263,0.16546757519103894,3.0654282319802663e-07
CMR,2020,0.10791364485967128,0.7266185420792983,0.16546758882714155,2.2423388884335207e-07
COL,2011,0.16728220723915366,0.574450420587284,0.2564993843712805,0.0017679878022817757
COL,2012,0.1647543499482393,0.5810486347708168,0.25262333659986697,0.0015736786810769017
COL,2013,0.16243876509388805,0.5865166918303973,0.24907277312245027,0.0019717699532643598
COL,2014,0.1605122826001495,0.5913627808953891,0.24611883338123264,0.002006103123228715
COL,2015,0.15892691466684286,0.5954800228339298,0.24368793576462078,0.0019051267346066347
COL,2016,0.159272434879181,0.5948814148715764,0.24421773346241263,0.0016284167868299134
COL,2017,0.15965787795896824,0.5937458025379743,0.24480874618503673,0.0017875733180205756
COL,2018,0.16007090611030894,0.5926197287390258,0.24544205598047975,0.0018673091701856858
COL,2019,0.16034615423650048,0.5916808056892013,0.24586410320805568,0.0021089368662424025
COL,2020,0.1604816149194851,0.5914377166692627,0.2460718096058501,0.0020088588054021634
COM,2011,0.10720013203707099,0.721814222414573,0.1643735357910303,0.006612109757325626
COM,2012,0.10720026205510581,0.7218150978539546,0.1643737351827915,0.006610904908148202
COM,2013,0.10720039900244188,0.721816019951485,0.16437394513365805,0.006609635912415005
COM,2014,0.10720054173929698,0.7218169811300911,0.16437416395750976,0.006608313173102172
COM,2015,0.10720069040372336,0.7218179820885003,0.16437439194297132,0.0066069355648049975
COM,2016,0.10720085058566613,0.7218190606785554,0.16437463755613757,0.0066054511796407945
COM,2017,0.10720101675529793,0.7218201793984484,0.16437489240430103,0.006603911441952469
COM,2018,0.10720118921045534,0.7218213406187343,0.16437515679107534,0.0066023133797350345
COM,2019,0.10720136865403582,0.721822548931187,0.16437543188401182,0.0066006505307653115
COM,2020,0.10720155513197713,0.7218238045587346,0.16437571786218785,0.006598922447100406
CPV,2011,0.10791095092491276,0.7266004028634987,0.16546345801788628,2.5188193702210325e-05
CPV,2012,0.1079106406030893,0.7265983133048547,0.16546298230786102,2.806378419501248e-05
CPV,2013,0.10791097135866404,0.7266005403907005,0.16546348946982745,2.4998780807960013e-05
CPV,2014,0.10791105483969174,0.7266011026258663,0.16546361740799118,2.422512645090175e-05
CPV,2015,0.10791206464320528,0.7266079019189075,0.16546516581026444,1.486762762267967e-05
CPV,2016,0.10791206482856695,0.7266079031824481,0.1654651660636083,1.4865925376783148e-05
CPV,2017,0.1079120650093931,0.7266079043725694,0.16546516639575778,1.4864222279759993e-05
CPV,2018,0.10791360156847431,0.7266182505061839,0.1654675223861302,6.255392114948644e-07
CPV,2019,0.1079135997373919,0.7266182381623273,0.16546751954332162,6.425569592493961e-07
CPV,2020,0.1079136256096722,0.7266184124350304,0.16546755927502194,4.0268027540284886e-07
CRI,2011,0.17248359606838198,0.5627568071278946,0.264474847338616,0.00028474946510755023
CRI,2012,0.1675746297802696,0.5752280821308152,0.25694776558911925,0.000249522499795918
CRI,2013,0.1632016131253148,0.5863538205713422,0.2502424733692476,0.00020209293409543388
CRI,2014,0.15927719805104912,0.5963311042563749,0.24422503701160866,0.000166660680967473
CRI,2015,0.1557388738583208,0.6053375130896937,0.23879960659166305,0.00012400646032230896
CRI,2016,0.15424154789102976,0.6091761373651231,0.23650370678363486,7.860796021228638e-05
CRI,2017,0.1527716634854573,0.6128440762060523,0.23424988409593203,0.00013437621255833702
CRI,2018,0.15135035703535718,0.6164406736102565,0.23207054736301352,0.00013842199137275527
CRI,2019,0.14996788739108416,0.619950173379467,0.2299507605691597,0.00013117866028930828
CRI,2020,0.14863651798329133,0.623435006430799,0.227909327598109,1.9147987800801992e-05
CUB,2011,0.1295090977817527,0.6717648929945006,0.19858061662498827,0.0001453925987585792
CUB,2012,0.12760823314636124,0.6765972331707525,0.19566595749607782,0.00012857618680840252
CUB,2013,0.12588741412671992,0.6809646753645672,0.19302736830865047,0.00012054220006228449
CUB,2014,0.12431828334972825,0.6849428536259766,0.19062136782553815,0.00011749519875694492
CUB,2015,0.12287255367193682,0.6885873161537067,0.18840458223649484,0.0001355479378617272
CUB,2016,0.12272586178863755,0.6889267871062383,0.18817965473827827,0.00016769636684584374
CUB,2017,0.12255759008354426,0.6892143409633836,0.18792163811099175,0.00030643084208027547
CUB,2018,0.12242384161260242,0.6897462161885406,0.18771655711804422,0.0001133850808127041
CUB,2019,0.1222672187779621,0.6901693291404963,0.1874764020627079,8.705001883356917e-05
CUB,2020,0.12210865166111898,0.6905733061713624,0.18723326590564776,8.477626187090922e-05
CYP,2011,0.17867596472766006,0.5470388151829831,0.27396981249074676,0.00031540759861003293
CYP,2012,0.1787165780015089,0.5470824311846159,0.274032086303592,0.00016890451028323406
CYP,2013,0.1787229310509654,0.5470207780343742,0.27404182761641344,0.00021446329824697868
CYP,2014,0.17875397402614224,0.5470349772028514,0.2740894267871675,0.00012162198383875185
CYP,2015,0.17878926804956102,0.5470629398868427,0.27414354429967924,4.247763916946987e-06
CYP,2016,0.17881085194183308,0.5470072600761282,0.27417663958907085,5.248392967798151e-06
CYP,2017,0.17883221634006277,0.5469521588757551,0.27420939840883135,6.226375350758026e-06
CYP,2018,0.18360853178956738,0.5348579842227207,0.2815330821015774,4.0188613471654706e-07
CYP,2019,0.18028208997969877,0.5432827905154546,0.27643253797378864,2.5815310580942764e-06
CYP,2020,0.1771871961744735,0.5511199174103052,0.2716870341211466,5.8522940747348495e-06
DEU,2011,0.13823241078829895,0.752285771513469,0.10250157428019735,0.006980243418034724
DEU,2012,0.13859776926591372,0.7511249665964135,0.10347367548353915,0.0068035886541336745
DEU,2013,0.13853237637058619,0.7494393631767307,0.1051769511236828,0.006851309329000395
DEU,2014,0.1384902207486927,0.7504439049912158,0.10440622542638742,0.006659648833704021
DEU,2015,0.13839887708059315,0.7486424904889125,0.106574673651612,0.006383958778882412
DEU,2016,0.13818883389690434,0.741065308920463,0.11457318202898624,0.00617267515364644
DEU,2017,0.13807054679737663,0.7383668921349565,0.11654380673334741,0.0070187543343194015
DEU,2018,0.13809977818438188,0.7387579516605464,0.11602846211153169,0.007113808043540044
DEU,2019,0.13818083432083916,0.7386951133595693,0.11614292457347211,0.006981127746119584
DEU,2020,0.13901607874685387,0.751390834698613,0.10434288711501677,0.005250199439516339
DJI,2011,0.10721164461442555,0.7218917404547096,0.16439118837168137,0.006505426559183458
DJI,2012,0.10721189167305202,0.7218934039957279,0.1643915672337386,0.006503137097481382
DJI,2013,0.10721215648660483,0.7218951869735746,0.16439197322252586,0.006500683317294764
DJI,2014,0.10721242922516372,0.7218970233778444,0.16439239142769418,0.006498155969297439
DJI,2015,0.10721270281091574,0.7218988656607699,0.16439281097156283,0.0064956205567514354
DJI,2016,0.10721293194172159,0.7219004084731092,0.16439316230891562,0.006493497276253552
DJI,2017,0.10721316119117678,0.7219019520162818,0.16439351377046074,0.006491373022080631
DJI,2018,0.1072133901154934,0.7219034933943653,0.1643938648144715,0.006489251675669766
DJI,2019,0.10721361817370516,0.7219050290724415,0.1643942145898375,0.006487138164015999
DJI,2020,0.10721384549503217,0.721906559672574,0.16439456314487805,0.006485031687515885
DNK,2011,0.16947223047212356,0.7489706471989978,0.06541512485476228,0.016141997474116442
DNK,2012,0.16984079735381813,0.7563198271529965,0.057544975492803144,0.01629440000038226
DNK,2013,0.17000056398479027,0.7515488759930238,0.062090096467582005,0.01636046355460392
DNK,2014,0.16873211330896398,0.7552096432468476,0.06022228465938545,0.01583595878480283
DNK,2015,0.16996151684328928,0.747737866934195,0.06595629867370838,0.01634431754880749
DNK,2016,0.16889722395565662,0.751708554556051,0.0634899893970177,0.015904232091274766
DNK,2017,0.1670518547211755,0.755532217223915,0.06227475673790818,0.01514117131700143
DNK,2018,0.1648968293694931,0.7635910072688683,0.05726209574164873,0.01425006761998983
DNK,2019,0.14789619324244246,0.6115754626736801,0.2267741628973219,0.013754181186555579
DNK,2020,0.14750393139996829,0.6224118897983328,0.22617269483041674,0.00391148397128221
DOM,2011,0.13748749173247315,0.6464798548085079,0.2108141540735627,0.005218499385456354
DOM,2012,0.13363679512060078,0.656600074331776,0.20490975247108542,0.004853378076537795
DOM,2013,0.13038548801944158,0.6651448619411591,0.1999244149414092,0.0045452350979900075
DOM,2014,0.12760424291328423,0.672454161433249,0.19565983911858845,0.004281756534878338
DOM,2015,0.1251977016564444,0.6787785947125715,0.19196980916428696,0.004053894466696986
DOM,2016,0.12298330717219202,0.6845967862440617,0.18857440432193326,0.0038455022618130537
DOM,2017,0.12104302594294006,0.6896945531384314,0.18559930648278208,0.0036631144358463042
DOM,2018,0.1193235048291386,0.694211839035444,0.18296270738152026,0.0035019487538971053
DOM,2019,0.11778745867821391,0.6982465901166438,0.1806074366435692,0.0033585145615733112
DOM,2020,0.11640595040230116,0.7018748452299096,0.17848912393297237,0.0032300804348167644
DZA,2011,0.17877946916895057,0.5470402344126786,0.27412851938773447,5.177703063641308e-05
DZA,2012,0.17626435373029473,0.553415439947772,0.27027200908325666,4.819723867671068e-05
DZA,2013,0.17420698572191898,0.5586230622509378,0.2671173780789069,5.2573948236332614e-05
DZA,2014,0.17250308816202,0.5629313329044772,0.2645047352004889,6.084373301389143e-05
DZA,2015,0.17107062107135584,0.5665633159096064,0.26230828566033254,5.777735870527226e-05
DZA,2016,0.17277995715180908,0.5622343757149647,0.2649292675352526,5.63995979735936e-05
DZA,2017,0.1744995968590888,0.5578701826172133,0.2675660484482777,6.417207542017124e-05
DZA,2018,0.17620120860598745,0.5535511275102896,0.27017518651038686,7.247737333604099e-05
DZA,2019,0.17784512563811086,0.5493939190942576,0.27269585935238866,6.509591524299957e-05
DZA,2020,0.17940187993265436,0.5454759134159548,0.2750828824460587,3.932420533213119e-05
ECU,2011,0.1346769671557864,0.6576776908411283,0.20650468291806223,0.0011406590850230995
ECU,2012,0.13337995232468514,0.6610420254077777,0.2045159269911683,0.0010620952763688992
ECU,2013,0.13217842930552492,0.6641962801083472,0.20267359168673255,0.0009516988993952695
ECU,2014,0.13110439060197063,0.6671906474939264,0.2010267322453404,0.0006782296587625433
ECU,2015,0.13012625013924373,0.6698312186339483,0.19952691678355303,0.0005156144432549815
ECU,2016,0.13139597028067793,0.6666292508621909,0.20147382106928907,0.0005009577878421596
ECU,2017,0.13280978889025424,0.6630507615842502,0.20364167630414307,0.0004977732213523067
ECU,2018,0.13435767332941437,0.6590516229316103,0.20601509918279998,0.0005756045561752032
ECU,2019,0.1360377484243616,0.65489726319514,0.2085912142693384,0.00047377411116010325
ECU,2020,0.1378312999373474,0.6507244629638221,0.21134132664823577,0.00010291045059465216
ESP,2011,0.08816261865138587,0.8893775610812319,0.019755296552819244,0.0027045237145630276
ESP,2012,0.08904589998053952,0.8885186303462757,0.020022054089156537,0.0024134155840282293
ESP,2013,0.08974076841133226,0.8875362656176311,0.020614427119430453,0.0021085388516060514
ESP,2014,0.09020722294237403,0.8855086588567072,0.022209066573678063,0.002075051627240886
ESP,2015,0.08977503057832047,0.8863429746793176,0.021794674658990498,0.0020873200833714696
ESP,2016,0.09242144165925972,0.8847842782836223,0.020715419158969857,0.0020788608981481124
